
0 1 4 1 8 5 3 7 16 4 20 11 6 13 28 7 32 17 9 19 40 10 44 23 12 25 52 13 56 29 15 31 64 16 68 35 18 37 76 19 80 41 21 43 88 22 92 47 24 49 100 25 104 53 27 55 112 28 116 59 30 61 124 31 
1 0 1 8 5 3 7 16 4 20 11 6 13 28 7 32 17 9 19 40 10 44 23 12 25 52 13 56 29 15 31 64 16 68 35 18 37 76 19 80 41 21 43 88 22 92 47 24 49 100 25 104 53 27 55 112 28 116 59 30 61 124 31 128 
4 1 0 5 3 7 16 4 20 11 6 13 28 7 32 17 9 19 40 10 44 23 12 25 52 13 56 29 15 31 64 16 68 35 18 37 76 19 80 41 21 43 88 22 92 47 24 49 100 25 104 53 27 55 112 28 116 59 30 61 124 31 128 65 
1 8 5 0 7 16 4 20 11 6 13 28 7 32 17 9 19 40 10 44 23 12 25 52 13 56 29 15 31 64 16 68 35 18 37 76 19 80 41 21 43 88 22 92 47 24 49 100 25 104 53 27 55 112 28 116 59 30 61 124 31 128 65 33 
8 5 3 7 0 4 20 11 6 13 28 7 32 17 9 19 40 10 44 23 12 25 52 13 56 29 15 31 64 16 68 35 18 37 76 19 80 41 21 43 88 22 92 47 24 49 100 25 104 53 27 55 112 28 116 59 30 61 124 31 128 65 33 67 
5 3 7 16 4 0 11 6 13 28 7 32 17 9 19 40 10 44 23 12 25 52 13 56 29 15 31 64 16 68 35 18 37 76 19 80 41 21 43 88 22 92 47 24 49 100 25 104 53 27 55 112 28 116 59 30 61 124 31 128 65 33 67 136 
3 7 16 4 20 11 0 13 28 7 32 17 9 19 40 10 44 23 12 25 52 13 56 29 15 31 64 16 68 35 18 37 76 19 80 41 21 43 88 22 92 47 24 49 100 25 104 53 27 55 112 28 116 59 30 61 124 31 128 65 33 67 136 34 
7 16 4 20 11 6 13 0 7 32 17 9 19 40 10 44 23 12 25 52 13 56 29 15 31 64 16 68 35 18 37 76 19 80 41 21 43 88 22 92 47 24 49 100 25 104 53 27 55 112 28 116 59 30 61 124 31 128 65 33 67 136 34 140 
16 4 20 11 6 13 28 7 0 17 9 19 40 10 44 23 12 25 52 13 56 29 15 31 64 16 68 35 18 37 76 19 80 41 21 43 88 22 92 47 24 49 100 25 104 53 27 55 112 28 116 59 30 61 124 31 128 65 33 67 136 34 140 71 
4 20 11 6 13 28 7 32 17 0 19 40 10 44 23 12 25 52 13 56 29 15 31 64 16 68 35 18 37 76 19 80 41 21 43 88 22 92 47 24 49 100 25 104 53 27 55 112 28 116 59 30 61 124 31 128 65 33 67 136 34 140 71 36 
20 11 6 13 28 7 32 17 9 19 0 10 44 23 12 25 52 13 56 29 15 31 64 16 68 35 18 37 76 19 80 41 21 43 88 22 92 47 24 49 100 25 104 53 27 55 112 28 116 59 30 61 124 31 128 65 33 67 136 34 140 71 36 73 
11 6 13 28 7 32 17 9 19 40 10 0 23 12 25 52 13 56 29 15 31 64 16 68 35 18 37 76 19 80 41 21 43 88 22 92 47 24 49 100 25 104 53 27 55 112 28 116 59 30 61 124 31 128 65 33 67 136 34 140 71 36 73 148 
6 13 28 7 32 17 9 19 40 10 44 23 0 25 52 13 56 29 15 31 64 16 68 35 18 37 76 19 80 41 21 43 88 22 92 47 24 49 100 25 104 53 27 55 112 28 116 59 30 61 124 31 128 65 33 67 136 34 140 71 36 73 148 37 
13 28 7 32 17 9 19 40 10 44 23 12 25 0 13 56 29 15 31 64 16 68 35 18 37 76 19 80 41 21 43 88 22 92 47 24 49 100 25 104 53 27 55 112 28 116 59 30 61 124 31 128 65 33 67 136 34 140 71 36 73 148 37 152 
28 7 32 17 9 19 40 10 44 23 12 25 52 13 0 29 15 31 64 16 68 35 18 37 76 19 80 41 21 43 88 22 92 47 24 49 100 25 104 53 27 55 112 28 116 59 30 61 124 31 128 65 33 67 136 34 140 71 36 73 148 37 152 77 
7 32 17 9 19 40 10 44 23 12 25 52 13 56 29 0 31 64 16 68 35 18 37 76 19 80 41 21 43 88 22 92 47 24 49 100 25 104 53 27 55 112 28 116 59 30 61 124 31 128 65 33 67 136 34 140 71 36 73 148 37 152 77 39 
32 17 9 19 40 10 44 23 12 25 52 13 56 29 15 31 0 16 68 35 18 37 76 19 80 41 21 43 88 22 92 47 24 49 100 25 104 53 27 55 112 28 116 59 30 61 124 31 128 65 33 67 136 34 140 71 36 73 148 37 152 77 39 79 
17 9 19 40 10 44 23 12 25 52 13 56 29 15 31 64 16 0 35 18 37 76 19 80 41 21 43 88 22 92 47 24 49 100 25 104 53 27 55 112 28 116 59 30 61 124 31 128 65 33 67 136 34 140 71 36 73 148 37 152 77 39 79 160 
9 19 40 10 44 23 12 25 52 13 56 29 15 31 64 16 68 35 0 37 76 19 80 41 21 43 88 22 92 47 24 49 100 25 104 53 27 55 112 28 116 59 30 61 124 31 128 65 33 67 136 34 140 71 36 73 148 37 152 77 39 79 160 40 
19 40 10 44 23 12 25 52 13 56 29 15 31 64 16 68 35 18 37 0 19 80 41 21 43 88 22 92 47 24 49 100 25 104 53 27 55 112 28 116 59 30 61 124 31 128 65 33 67 136 34 140 71 36 73 148 37 152 77 39 79 160 40 164 
40 10 44 23 12 25 52 13 56 29 15 31 64 16 68 35 18 37 76 19 0 41 21 43 88 22 92 47 24 49 100 25 104 53 27 55 112 28 116 59 30 61 124 31 128 65 33 67 136 34 140 71 36 73 148 37 152 77 39 79 160 40 164 83 
10 44 23 12 25 52 13 56 29 15 31 64 16 68 35 18 37 76 19 80 41 0 43 88 22 92 47 24 49 100 25 104 53 27 55 112 28 116 59 30 61 124 31 128 65 33 67 136 34 140 71 36 73 148 37 152 77 39 79 160 40 164 83 42 
44 23 12 25 52 13 56 29 15 31 64 16 68 35 18 37 76 19 80 41 21 43 0 22 92 47 24 49 100 25 104 53 27 55 112 28 116 59 30 61 124 31 128 65 33 67 136 34 140 71 36 73 148 37 152 77 39 79 160 40 164 83 42 85 
23 12 25 52 13 56 29 15 31 64 16 68 35 18 37 76 19 80 41 21 43 88 22 0 47 24 49 100 25 104 53 27 55 112 28 116 59 30 61 124 31 128 65 33 67 136 34 140 71 36 73 148 37 152 77 39 79 160 40 164 83 42 85 172 
12 25 52 13 56 29 15 31 64 16 68 35 18 37 76 19 80 41 21 43 88 22 92 47 0 49 100 25 104 53 27 55 112 28 116 59 30 61 124 31 128 65 33 67 136 34 140 71 36 73 148 37 152 77 39 79 160 40 164 83 42 85 172 43 
25 52 13 56 29 15 31 64 16 68 35 18 37 76 19 80 41 21 43 88 22 92 47 24 49 0 25 104 53 27 55 112 28 116 59 30 61 124 31 128 65 33 67 136 34 140 71 36 73 148 37 152 77 39 79 160 40 164 83 42 85 172 43 176 
52 13 56 29 15 31 64 16 68 35 18 37 76 19 80 41 21 43 88 22 92 47 24 49 100 25 0 53 27 55 112 28 116 59 30 61 124 31 128 65 33 67 136 34 140 71 36 73 148 37 152 77 39 79 160 40 164 83 42 85 172 43 176 89 
13 56 29 15 31 64 16 68 35 18 37 76 19 80 41 21 43 88 22 92 47 24 49 100 25 104 53 0 55 112 28 116 59 30 61 124 31 128 65 33 67 136 34 140 71 36 73 148 37 152 77 39 79 160 40 164 83 42 85 172 43 176 89 45 
56 29 15 31 64 16 68 35 18 37 76 19 80 41 21 43 88 22 92 47 24 49 100 25 104 53 27 55 0 28 116 59 30 61 124 31 128 65 33 67 136 34 140 71 36 73 148 37 152 77 39 79 160 40 164 83 42 85 172 43 176 89 45 91 
29 15 31 64 16 68 35 18 37 76 19 80 41 21 43 88 22 92 47 24 49 100 25 104 53 27 55 112 28 0 59 30 61 124 31 128 65 33 67 136 34 140 71 36 73 148 37 152 77 39 79 160 40 164 83 42 85 172 43 176 89 45 91 184 
15 31 64 16 68 35 18 37 76 19 80 41 21 43 88 22 92 47 24 49 100 25 104 53 27 55 112 28 116 59 0 61 124 31 128 65 33 67 136 34 140 71 36 73 148 37 152 77 39 79 160 40 164 83 42 85 172 43 176 89 45 91 184 46 
31 64 16 68 35 18 37 76 19 80 41 21 43 88 22 92 47 24 49 100 25 104 53 27 55 112 28 116 59 30 61 0 31 128 65 33 67 136 34 140 71 36 73 148 37 152 77 39 79 160 40 164 83 42 85 172 43 176 89 45 91 184 46 188 
64 16 68 35 18 37 76 19 80 41 21 43 88 22 92 47 24 49 100 25 104 53 27 55 112 28 116 59 30 61 124 31 0 65 33 67 136 34 140 71 36 73 148 37 152 77 39 79 160 40 164 83 42 85 172 43 176 89 45 91 184 46 188 95 
16 68 35 18 37 76 19 80 41 21 43 88 22 92 47 24 49 100 25 104 53 27 55 112 28 116 59 30 61 124 31 128 65 0 67 136 34 140 71 36 73 148 37 152 77 39 79 160 40 164 83 42 85 172 43 176 89 45 91 184 46 188 95 48 
68 35 18 37 76 19 80 41 21 43 88 22 92 47 24 49 100 25 104 53 27 55 112 28 116 59 30 61 124 31 128 65 33 67 0 34 140 71 36 73 148 37 152 77 39 79 160 40 164 83 42 85 172 43 176 89 45 91 184 46 188 95 48 97 
35 18 37 76 19 80 41 21 43 88 22 92 47 24 49 100 25 104 53 27 55 112 28 116 59 30 61 124 31 128 65 33 67 136 34 0 71 36 73 148 37 152 77 39 79 160 40 164 83 42 85 172 43 176 89 45 91 184 46 188 95 48 97 196 
18 37 76 19 80 41 21 43 88 22 92 47 24 49 100 25 104 53 27 55 112 28 116 59 30 61 124 31 128 65 33 67 136 34 140 71 0 73 148 37 152 77 39 79 160 40 164 83 42 85 172 43 176 89 45 91 184 46 188 95 48 97 196 49 
37 76 19 80 41 21 43 88 22 92 47 24 49 100 25 104 53 27 55 112 28 116 59 30 61 124 31 128 65 33 67 136 34 140 71 36 73 0 37 152 77 39 79 160 40 164 83 42 85 172 43 176 89 45 91 184 46 188 95 48 97 196 49 200 
76 19 80 41 21 43 88 22 92 47 24 49 100 25 104 53 27 55 112 28 116 59 30 61 124 31 128 65 33 67 136 34 140 71 36 73 148 37 0 77 39 79 160 40 164 83 42 85 172 43 176 89 45 91 184 46 188 95 48 97 196 49 200 101 
19 80 41 21 43 88 22 92 47 24 49 100 25 104 53 27 55 112 28 116 59 30 61 124 31 128 65 33 67 136 34 140 71 36 73 148 37 152 77 0 79 160 40 164 83 42 85 172 43 176 89 45 91 184 46 188 95 48 97 196 49 200 101 51 
80 41 21 43 88 22 92 47 24 49 100 25 104 53 27 55 112 28 116 59 30 61 124 31 128 65 33 67 136 34 140 71 36 73 148 37 152 77 39 79 0 40 164 83 42 85 172 43 176 89 45 91 184 46 188 95 48 97 196 49 200 101 51 103 
41 21 43 88 22 92 47 24 49 100 25 104 53 27 55 112 28 116 59 30 61 124 31 128 65 33 67 136 34 140 71 36 73 148 37 152 77 39 79 160 40 0 83 42 85 172 43 176 89 45 91 184 46 188 95 48 97 196 49 200 101 51 103 208 
21 43 88 22 92 47 24 49 100 25 104 53 27 55 112 28 116 59 30 61 124 31 128 65 33 67 136 34 140 71 36 73 148 37 152 77 39 79 160 40 164 83 0 85 172 43 176 89 45 91 184 46 188 95 48 97 196 49 200 101 51 103 208 52 
43 88 22 92 47 24 49 100 25 104 53 27 55 112 28 116 59 30 61 124 31 128 65 33 67 136 34 140 71 36 73 148 37 152 77 39 79 160 40 164 83 42 85 0 43 176 89 45 91 184 46 188 95 48 97 196 49 200 101 51 103 208 52 212 
88 22 92 47 24 49 100 25 104 53 27 55 112 28 116 59 30 61 124 31 128 65 33 67 136 34 140 71 36 73 148 37 152 77 39 79 160 40 164 83 42 85 172 43 0 89 45 91 184 46 188 95 48 97 196 49 200 101 51 103 208 52 212 107 
22 92 47 24 49 100 25 104 53 27 55 112 28 116 59 30 61 124 31 128 65 33 67 136 34 140 71 36 73 148 37 152 77 39 79 160 40 164 83 42 85 172 43 176 89 0 91 184 46 188 95 48 97 196 49 200 101 51 103 208 52 212 107 54 
92 47 24 49 100 25 104 53 27 55 112 28 116 59 30 61 124 31 128 65 33 67 136 34 140 71 36 73 148 37 152 77 39 79 160 40 164 83 42 85 172 43 176 89 45 91 0 46 188 95 48 97 196 49 200 101 51 103 208 52 212 107 54 109 
47 24 49 100 25 104 53 27 55 112 28 116 59 30 61 124 31 128 65 33 67 136 34 140 71 36 73 148 37 152 77 39 79 160 40 164 83 42 85 172 43 176 89 45 91 184 46 0 95 48 97 196 49 200 101 51 103 208 52 212 107 54 109 220 
24 49 100 25 104 53 27 55 112 28 116 59 30 61 124 31 128 65 33 67 136 34 140 71 36 73 148 37 152 77 39 79 160 40 164 83 42 85 172 43 176 89 45 91 184 46 188 95 0 97 196 49 200 101 51 103 208 52 212 107 54 109 220 55 
49 100 25 104 53 27 55 112 28 116 59 30 61 124 31 128 65 33 67 136 34 140 71 36 73 148 37 152 77 39 79 160 40 164 83 42 85 172 43 176 89 45 91 184 46 188 95 48 97 0 49 200 101 51 103 208 52 212 107 54 109 220 55 224 
100 25 104 53 27 55 112 28 116 59 30 61 124 31 128 65 33 67 136 34 140 71 36 73 148 37 152 77 39 79 160 40 164 83 42 85 172 43 176 89 45 91 184 46 188 95 48 97 196 49 0 101 51 103 208 52 212 107 54 109 220 55 224 113 
25 104 53 27 55 112 28 116 59 30 61 124 31 128 65 33 67 136 34 140 71 36 73 148 37 152 77 39 79 160 40 164 83 42 85 172 43 176 89 45 91 184 46 188 95 48 97 196 49 200 101 0 103 208 52 212 107 54 109 220 55 224 113 57 
104 53 27 55 112 28 116 59 30 61 124 31 128 65 33 67 136 34 140 71 36 73 148 37 152 77 39 79 160 40 164 83 42 85 172 43 176 89 45 91 184 46 188 95 48 97 196 49 200 101 51 103 0 52 212 107 54 109 220 55 224 113 57 115 
53 27 55 112 28 116 59 30 61 124 31 128 65 33 67 136 34 140 71 36 73 148 37 152 77 39 79 160 40 164 83 42 85 172 43 176 89 45 91 184 46 188 95 48 97 196 49 200 101 51 103 208 52 0 107 54 109 220 55 224 113 57 115 232 
27 55 112 28 116 59 30 61 124 31 128 65 33 67 136 34 140 71 36 73 148 37 152 77 39 79 160 40 164 83 42 85 172 43 176 89 45 91 184 46 188 95 48 97 196 49 200 101 51 103 208 52 212 107 0 109 220 55 224 113 57 115 232 58 
55 112 28 116 59 30 61 124 31 128 65 33 67 136 34 140 71 36 73 148 37 152 77 39 79 160 40 164 83 42 85 172 43 176 89 45 91 184 46 188 95 48 97 196 49 200 101 51 103 208 52 212 107 54 109 0 55 224 113 57 115 232 58 236 
112 28 116 59 30 61 124 31 128 65 33 67 136 34 140 71 36 73 148 37 152 77 39 79 160 40 164 83 42 85 172 43 176 89 45 91 184 46 188 95 48 97 196 49 200 101 51 103 208 52 212 107 54 109 220 55 0 113 57 115 232 58 236 119 
28 116 59 30 61 124 31 128 65 33 67 136 34 140 71 36 73 148 37 152 77 39 79 160 40 164 83 42 85 172 43 176 89 45 91 184 46 188 95 48 97 196 49 200 101 51 103 208 52 212 107 54 109 220 55 224 113 0 115 232 58 236 119 60 
116 59 30 61 124 31 128 65 33 67 136 34 140 71 36 73 148 37 152 77 39 79 160 40 164 83 42 85 172 43 176 89 45 91 184 46 188 95 48 97 196 49 200 101 51 103 208 52 212 107 54 109 220 55 224 113 57 115 0 58 236 119 60 121 
59 30 61 124 31 128 65 33 67 136 34 140 71 36 73 148 37 152 77 39 79 160 40 164 83 42 85 172 43 176 89 45 91 184 46 188 95 48 97 196 49 200 101 51 103 208 52 212 107 54 109 220 55 224 113 57 115 232 58 0 119 60 121 244 
30 61 124 31 128 65 33 67 136 34 140 71 36 73 148 37 152 77 39 79 160 40 164 83 42 85 172 43 176 89 45 91 184 46 188 95 48 97 196 49 200 101 51 103 208 52 212 107 54 109 220 55 224 113 57 115 232 58 236 119 0 121 244 61 
61 124 31 128 65 33 67 136 34 140 71 36 73 148 37 152 77 39 79 160 40 164 83 42 85 172 43 176 89 45 91 184 46 188 95 48 97 196 49 200 101 51 103 208 52 212 107 54 109 220 55 224 113 57 115 232 58 236 119 60 121 0 61 248 
124 31 128 65 33 67 136 34 140 71 36 73 148 37 152 77 39 79 160 40 164 83 42 85 172 43 176 89 45 91 184 46 188 95 48 97 196 49 200 101 51 103 208 52 212 107 54 109 220 55 224 113 57 115 232 58 236 119 60 121 244 61 0 125 
31 128 65 33 67 136 34 140 71 36 73 148 37 152 77 39 79 160 40 164 83 42 85 172 43 176 89 45 91 184 46 188 95 48 97 196 49 200 101 51 103 208 52 212 107 54 109 220 55 224 113 57 115 232 58 236 119 60 121 244 61 248 125 0 