
0 1 2 1 5 4 3 6 5 4 8 7 6 9 8 7 11 10 9 12 11 10 14 13 12 15 14 13 17 16 15 18 17 16 20 19 18 21 20 19 23 22 21 24 23 22 26 25 24 27 26 25 29 28 27 30 29 28 32 31 30 33 32 31 
1 0 1 2 4 3 4 5 4 5 7 6 7 8 7 8 10 9 10 11 10 11 13 12 13 14 13 14 16 15 16 17 16 17 19 18 19 20 19 20 22 21 22 23 22 23 25 24 25 26 25 26 28 27 28 29 28 29 31 30 31 32 31 32 
2 1 0 3 3 4 5 4 5 6 6 7 8 7 8 9 9 10 11 10 11 12 12 13 14 13 14 15 15 16 17 16 17 18 18 19 20 19 20 21 21 22 23 22 23 24 24 25 26 25 26 27 27 28 29 28 29 30 30 31 32 31 32 33 
1 2 3 0 6 5 4 7 6 5 9 8 7 10 9 8 12 11 10 13 12 11 15 14 13 16 15 14 18 17 16 19 18 17 21 20 19 22 21 20 24 23 22 25 24 23 27 26 25 28 27 26 30 29 28 31 30 29 33 32 31 34 33 32 
5 4 3 6 0 4 8 7 6 9 9 7 11 10 9 12 12 10 14 13 12 15 15 13 17 16 15 18 18 16 20 19 18 21 21 19 23 22 21 24 24 22 26 25 24 27 27 25 29 28 27 30 30 28 32 31 30 33 33 31 35 34 33 36 
4 3 4 5 4 0 7 6 7 8 7 9 10 9 10 11 10 12 13 12 13 14 13 15 16 15 16 17 16 18 19 18 19 20 19 21 22 21 22 23 22 24 25 24 25 26 25 27 28 27 28 29 28 30 31 30 31 32 31 33 34 33 34 35 
3 4 5 4 8 7 0 9 8 7 11 10 9 12 11 10 14 13 12 15 14 13 17 16 15 18 17 16 20 19 18 21 20 19 23 22 21 24 23 22 26 25 24 27 26 25 29 28 27 30 29 28 32 31 30 33 32 31 35 34 33 36 35 34 
6 5 4 7 7 6 9 0 7 10 10 9 12 11 10 13 13 12 15 14 13 16 16 15 18 17 16 19 19 18 21 20 19 22 22 21 24 23 22 25 25 24 27 26 25 28 28 27 30 29 28 31 31 30 33 32 31 34 34 33 36 35 34 37 
5 4 5 6 6 7 8 7 0 9 9 10 11 10 11 12 12 13 14 13 14 15 15 16 17 16 17 18 18 19 20 19 20 21 21 22 23 22 23 24 24 25 26 25 26 27 27 28 29 28 29 30 30 31 32 31 32 33 33 34 35 34 35 36 
4 5 6 5 9 8 7 10 9 0 12 11 10 13 12 11 15 14 13 16 15 14 18 17 16 19 18 17 21 20 19 22 21 20 24 23 22 25 24 23 27 26 25 28 27 26 30 29 28 31 30 29 33 32 31 34 33 32 36 35 34 37 36 35 
8 7 6 9 9 7 11 10 9 12 0 10 14 13 12 15 15 13 17 16 15 18 18 16 20 19 18 21 21 19 23 22 21 24 24 22 26 25 24 27 27 25 29 28 27 30 30 28 32 31 30 33 33 31 35 34 33 36 36 34 38 37 36 39 
7 6 7 8 7 9 10 9 10 11 10 0 13 12 13 14 13 15 16 15 16 17 16 18 19 18 19 20 19 21 22 21 22 23 22 24 25 24 25 26 25 27 28 27 28 29 28 30 31 30 31 32 31 33 34 33 34 35 34 36 37 36 37 38 
6 7 8 7 11 10 9 12 11 10 14 13 0 15 14 13 17 16 15 18 17 16 20 19 18 21 20 19 23 22 21 24 23 22 26 25 24 27 26 25 29 28 27 30 29 28 32 31 30 33 32 31 35 34 33 36 35 34 38 37 36 39 38 37 
9 8 7 10 10 9 12 11 10 13 13 12 15 0 13 16 16 15 18 17 16 19 19 18 21 20 19 22 22 21 24 23 22 25 25 24 27 26 25 28 28 27 30 29 28 31 31 30 33 32 31 34 34 33 36 35 34 37 37 36 39 38 37 40 
8 7 8 9 9 10 11 10 11 12 12 13 14 13 0 15 15 16 17 16 17 18 18 19 20 19 20 21 21 22 23 22 23 24 24 25 26 25 26 27 27 28 29 28 29 30 30 31 32 31 32 33 33 34 35 34 35 36 36 37 38 37 38 39 
7 8 9 8 12 11 10 13 12 11 15 14 13 16 15 0 18 17 16 19 18 17 21 20 19 22 21 20 24 23 22 25 24 23 27 26 25 28 27 26 30 29 28 31 30 29 33 32 31 34 33 32 36 35 34 37 36 35 39 38 37 40 39 38 
11 10 9 12 12 10 14 13 12 15 15 13 17 16 15 18 0 16 20 19 18 21 21 19 23 22 21 24 24 22 26 25 24 27 27 25 29 28 27 30 30 28 32 31 30 33 33 31 35 34 33 36 36 34 38 37 36 39 39 37 41 40 39 42 
10 9 10 11 10 12 13 12 13 14 13 15 16 15 16 17 16 0 19 18 19 20 19 21 22 21 22 23 22 24 25 24 25 26 25 27 28 27 28 29 28 30 31 30 31 32 31 33 34 33 34 35 34 36 37 36 37 38 37 39 40 39 40 41 
9 10 11 10 14 13 12 15 14 13 17 16 15 18 17 16 20 19 0 21 20 19 23 22 21 24 23 22 26 25 24 27 26 25 29 28 27 30 29 28 32 31 30 33 32 31 35 34 33 36 35 34 38 37 36 39 38 37 41 40 39 42 41 40 
12 11 10 13 13 12 15 14 13 16 16 15 18 17 16 19 19 18 21 0 19 22 22 21 24 23 22 25 25 24 27 26 25 28 28 27 30 29 28 31 31 30 33 32 31 34 34 33 36 35 34 37 37 36 39 38 37 40 40 39 42 41 40 43 
11 10 11 12 12 13 14 13 14 15 15 16 17 16 17 18 18 19 20 19 0 21 21 22 23 22 23 24 24 25 26 25 26 27 27 28 29 28 29 30 30 31 32 31 32 33 33 34 35 34 35 36 36 37 38 37 38 39 39 40 41 40 41 42 
10 11 12 11 15 14 13 16 15 14 18 17 16 19 18 17 21 20 19 22 21 0 24 23 22 25 24 23 27 26 25 28 27 26 30 29 28 31 30 29 33 32 31 34 33 32 36 35 34 37 36 35 39 38 37 40 39 38 42 41 40 43 42 41 
14 13 12 15 15 13 17 16 15 18 18 16 20 19 18 21 21 19 23 22 21 24 0 22 26 25 24 27 27 25 29 28 27 30 30 28 32 31 30 33 33 31 35 34 33 36 36 34 38 37 36 39 39 37 41 40 39 42 42 40 44 43 42 45 
13 12 13 14 13 15 16 15 16 17 16 18 19 18 19 20 19 21 22 21 22 23 22 0 25 24 25 26 25 27 28 27 28 29 28 30 31 30 31 32 31 33 34 33 34 35 34 36 37 36 37 38 37 39 40 39 40 41 40 42 43 42 43 44 
12 13 14 13 17 16 15 18 17 16 20 19 18 21 20 19 23 22 21 24 23 22 26 25 0 27 26 25 29 28 27 30 29 28 32 31 30 33 32 31 35 34 33 36 35 34 38 37 36 39 38 37 41 40 39 42 41 40 44 43 42 45 44 43 
15 14 13 16 16 15 18 17 16 19 19 18 21 20 19 22 22 21 24 23 22 25 25 24 27 0 25 28 28 27 30 29 28 31 31 30 33 32 31 34 34 33 36 35 34 37 37 36 39 38 37 40 40 39 42 41 40 43 43 42 45 44 43 46 
14 13 14 15 15 16 17 16 17 18 18 19 20 19 20 21 21 22 23 22 23 24 24 25 26 25 0 27 27 28 29 28 29 30 30 31 32 31 32 33 33 34 35 34 35 36 36 37 38 37 38 39 39 40 41 40 41 42 42 43 44 43 44 45 
13 14 15 14 18 17 16 19 18 17 21 20 19 22 21 20 24 23 22 25 24 23 27 26 25 28 27 0 30 29 28 31 30 29 33 32 31 34 33 32 36 35 34 37 36 35 39 38 37 40 39 38 42 41 40 43 42 41 45 44 43 46 45 44 
17 16 15 18 18 16 20 19 18 21 21 19 23 22 21 24 24 22 26 25 24 27 27 25 29 28 27 30 0 28 32 31 30 33 33 31 35 34 33 36 36 34 38 37 36 39 39 37 41 40 39 42 42 40 44 43 42 45 45 43 47 46 45 48 
16 15 16 17 16 18 19 18 19 20 19 21 22 21 22 23 22 24 25 24 25 26 25 27 28 27 28 29 28 0 31 30 31 32 31 33 34 33 34 35 34 36 37 36 37 38 37 39 40 39 40 41 40 42 43 42 43 44 43 45 46 45 46 47 
15 16 17 16 20 19 18 21 20 19 23 22 21 24 23 22 26 25 24 27 26 25 29 28 27 30 29 28 32 31 0 33 32 31 35 34 33 36 35 34 38 37 36 39 38 37 41 40 39 42 41 40 44 43 42 45 44 43 47 46 45 48 47 46 
18 17 16 19 19 18 21 20 19 22 22 21 24 23 22 25 25 24 27 26 25 28 28 27 30 29 28 31 31 30 33 0 31 34 34 33 36 35 34 37 37 36 39 38 37 40 40 39 42 41 40 43 43 42 45 44 43 46 46 45 48 47 46 49 
17 16 17 18 18 19 20 19 20 21 21 22 23 22 23 24 24 25 26 25 26 27 27 28 29 28 29 30 30 31 32 31 0 33 33 34 35 34 35 36 36 37 38 37 38 39 39 40 41 40 41 42 42 43 44 43 44 45 45 46 47 46 47 48 
16 17 18 17 21 20 19 22 21 20 24 23 22 25 24 23 27 26 25 28 27 26 30 29 28 31 30 29 33 32 31 34 33 0 36 35 34 37 36 35 39 38 37 40 39 38 42 41 40 43 42 41 45 44 43 46 45 44 48 47 46 49 48 47 
20 19 18 21 21 19 23 22 21 24 24 22 26 25 24 27 27 25 29 28 27 30 30 28 32 31 30 33 33 31 35 34 33 36 0 34 38 37 36 39 39 37 41 40 39 42 42 40 44 43 42 45 45 43 47 46 45 48 48 46 50 49 48 51 
19 18 19 20 19 21 22 21 22 23 22 24 25 24 25 26 25 27 28 27 28 29 28 30 31 30 31 32 31 33 34 33 34 35 34 0 37 36 37 38 37 39 40 39 40 41 40 42 43 42 43 44 43 45 46 45 46 47 46 48 49 48 49 50 
18 19 20 19 23 22 21 24 23 22 26 25 24 27 26 25 29 28 27 30 29 28 32 31 30 33 32 31 35 34 33 36 35 34 38 37 0 39 38 37 41 40 39 42 41 40 44 43 42 45 44 43 47 46 45 48 47 46 50 49 48 51 50 49 
21 20 19 22 22 21 24 23 22 25 25 24 27 26 25 28 28 27 30 29 28 31 31 30 33 32 31 34 34 33 36 35 34 37 37 36 39 0 37 40 40 39 42 41 40 43 43 42 45 44 43 46 46 45 48 47 46 49 49 48 51 50 49 52 
20 19 20 21 21 22 23 22 23 24 24 25 26 25 26 27 27 28 29 28 29 30 30 31 32 31 32 33 33 34 35 34 35 36 36 37 38 37 0 39 39 40 41 40 41 42 42 43 44 43 44 45 45 46 47 46 47 48 48 49 50 49 50 51 
19 20 21 20 24 23 22 25 24 23 27 26 25 28 27 26 30 29 28 31 30 29 33 32 31 34 33 32 36 35 34 37 36 35 39 38 37 40 39 0 42 41 40 43 42 41 45 44 43 46 45 44 48 47 46 49 48 47 51 50 49 52 51 50 
23 22 21 24 24 22 26 25 24 27 27 25 29 28 27 30 30 28 32 31 30 33 33 31 35 34 33 36 36 34 38 37 36 39 39 37 41 40 39 42 0 40 44 43 42 45 45 43 47 46 45 48 48 46 50 49 48 51 51 49 53 52 51 54 
22 21 22 23 22 24 25 24 25 26 25 27 28 27 28 29 28 30 31 30 31 32 31 33 34 33 34 35 34 36 37 36 37 38 37 39 40 39 40 41 40 0 43 42 43 44 43 45 46 45 46 47 46 48 49 48 49 50 49 51 52 51 52 53 
21 22 23 22 26 25 24 27 26 25 29 28 27 30 29 28 32 31 30 33 32 31 35 34 33 36 35 34 38 37 36 39 38 37 41 40 39 42 41 40 44 43 0 45 44 43 47 46 45 48 47 46 50 49 48 51 50 49 53 52 51 54 53 52 
24 23 22 25 25 24 27 26 25 28 28 27 30 29 28 31 31 30 33 32 31 34 34 33 36 35 34 37 37 36 39 38 37 40 40 39 42 41 40 43 43 42 45 0 43 46 46 45 48 47 46 49 49 48 51 50 49 52 52 51 54 53 52 55 
23 22 23 24 24 25 26 25 26 27 27 28 29 28 29 30 30 31 32 31 32 33 33 34 35 34 35 36 36 37 38 37 38 39 39 40 41 40 41 42 42 43 44 43 0 45 45 46 47 46 47 48 48 49 50 49 50 51 51 52 53 52 53 54 
22 23 24 23 27 26 25 28 27 26 30 29 28 31 30 29 33 32 31 34 33 32 36 35 34 37 36 35 39 38 37 40 39 38 42 41 40 43 42 41 45 44 43 46 45 0 48 47 46 49 48 47 51 50 49 52 51 50 54 53 52 55 54 53 
26 25 24 27 27 25 29 28 27 30 30 28 32 31 30 33 33 31 35 34 33 36 36 34 38 37 36 39 39 37 41 40 39 42 42 40 44 43 42 45 45 43 47 46 45 48 0 46 50 49 48 51 51 49 53 52 51 54 54 52 56 55 54 57 
25 24 25 26 25 27 28 27 28 29 28 30 31 30 31 32 31 33 34 33 34 35 34 36 37 36 37 38 37 39 40 39 40 41 40 42 43 42 43 44 43 45 46 45 46 47 46 0 49 48 49 50 49 51 52 51 52 53 52 54 55 54 55 56 
24 25 26 25 29 28 27 30 29 28 32 31 30 33 32 31 35 34 33 36 35 34 38 37 36 39 38 37 41 40 39 42 41 40 44 43 42 45 44 43 47 46 45 48 47 46 50 49 0 51 50 49 53 52 51 54 53 52 56 55 54 57 56 55 
27 26 25 28 28 27 30 29 28 31 31 30 33 32 31 34 34 33 36 35 34 37 37 36 39 38 37 40 40 39 42 41 40 43 43 42 45 44 43 46 46 45 48 47 46 49 49 48 51 0 49 52 52 51 54 53 52 55 55 54 57 56 55 58 
26 25 26 27 27 28 29 28 29 30 30 31 32 31 32 33 33 34 35 34 35 36 36 37 38 37 38 39 39 40 41 40 41 42 42 43 44 43 44 45 45 46 47 46 47 48 48 49 50 49 0 51 51 52 53 52 53 54 54 55 56 55 56 57 
25 26 27 26 30 29 28 31 30 29 33 32 31 34 33 32 36 35 34 37 36 35 39 38 37 40 39 38 42 41 40 43 42 41 45 44 43 46 45 44 48 47 46 49 48 47 51 50 49 52 51 0 54 53 52 55 54 53 57 56 55 58 57 56 
29 28 27 30 30 28 32 31 30 33 33 31 35 34 33 36 36 34 38 37 36 39 39 37 41 40 39 42 42 40 44 43 42 45 45 43 47 46 45 48 48 46 50 49 48 51 51 49 53 52 51 54 0 52 56 55 54 57 57 55 59 58 57 60 
28 27 28 29 28 30 31 30 31 32 31 33 34 33 34 35 34 36 37 36 37 38 37 39 40 39 40 41 40 42 43 42 43 44 43 45 46 45 46 47 46 48 49 48 49 50 49 51 52 51 52 53 52 0 55 54 55 56 55 57 58 57 58 59 
27 28 29 28 32 31 30 33 32 31 35 34 33 36 35 34 38 37 36 39 38 37 41 40 39 42 41 40 44 43 42 45 44 43 47 46 45 48 47 46 50 49 48 51 50 49 53 52 51 54 53 52 56 55 0 57 56 55 59 58 57 60 59 58 
30 29 28 31 31 30 33 32 31 34 34 33 36 35 34 37 37 36 39 38 37 40 40 39 42 41 40 43 43 42 45 44 43 46 46 45 48 47 46 49 49 48 51 50 49 52 52 51 54 53 52 55 55 54 57 0 55 58 58 57 60 59 58 61 
29 28 29 30 30 31 32 31 32 33 33 34 35 34 35 36 36 37 38 37 38 39 39 40 41 40 41 42 42 43 44 43 44 45 45 46 47 46 47 48 48 49 50 49 50 51 51 52 53 52 53 54 54 55 56 55 0 57 57 58 59 58 59 60 
28 29 30 29 33 32 31 34 33 32 36 35 34 37 36 35 39 38 37 40 39 38 42 41 40 43 42 41 45 44 43 46 45 44 48 47 46 49 48 47 51 50 49 52 51 50 54 53 52 55 54 53 57 56 55 58 57 0 60 59 58 61 60 59 
32 31 30 33 33 31 35 34 33 36 36 34 38 37 36 39 39 37 41 40 39 42 42 40 44 43 42 45 45 43 47 46 45 48 48 46 50 49 48 51 51 49 53 52 51 54 54 52 56 55 54 57 57 55 59 58 57 60 0 58 62 61 60 63 
31 30 31 32 31 33 34 33 34 35 34 36 37 36 37 38 37 39 40 39 40 41 40 42 43 42 43 44 43 45 46 45 46 47 46 48 49 48 49 50 49 51 52 51 52 53 52 54 55 54 55 56 55 57 58 57 58 59 58 0 61 60 61 62 
30 31 32 31 35 34 33 36 35 34 38 37 36 39 38 37 41 40 39 42 41 40 44 43 42 45 44 43 47 46 45 48 47 46 50 49 48 51 50 49 53 52 51 54 53 52 56 55 54 57 56 55 59 58 57 60 59 58 62 61 0 63 62 61 
33 32 31 34 34 33 36 35 34 37 37 36 39 38 37 40 40 39 42 41 40 43 43 42 45 44 43 46 46 45 48 47 46 49 49 48 51 50 49 52 52 51 54 53 52 55 55 54 57 56 55 58 58 57 60 59 58 61 61 60 63 0 61 64 
32 31 32 33 33 34 35 34 35 36 36 37 38 37 38 39 39 40 41 40 41 42 42 43 44 43 44 45 45 46 47 46 47 48 48 49 50 49 50 51 51 52 53 52 53 54 54 55 56 55 56 57 57 58 59 58 59 60 60 61 62 61 0 63 
31 32 33 32 36 35 34 37 36 35 39 38 37 40 39 38 42 41 40 43 42 41 45 44 43 46 45 44 48 47 46 49 48 47 51 50 49 52 51 50 54 53 52 55 54 53 57 56 55 58 57 56 60 59 58 61 60 59 63 62 61 64 63 0 